<?xml version="1.0" encoding="UTF-8"?>
<svg width="707px" height="156px" viewBox="0 0 707 156" version="1.1" xmlns="http://www.w3.org/2000/svg" xmlns:xlink="http://www.w3.org/1999/xlink">
    <!-- Generator: Sketch 48.2 (47327) - http://www.bohemiancoding.com/sketch -->
    <title>CFM-Logo-Inverted-Transparent</title>
    <desc>Created with Sketch.</desc>
    <defs></defs>
    <g id="Company-Logos" stroke="none" stroke-width="1" fill="none" fill-rule="evenodd">
        <g id="CFM-Logo-Inverted-Transparent" fill="#FFFFFF">
            <g id="Group-5" transform="translate(24.000000, 24.000000)">
                <g id="Group" transform="translate(135.000000, 28.000000)">
                    <g id="Group-4">
                        <g id="Group-3" transform="translate(0.556793, 0.576837)">
                            <path d="M19.4669813,45.2774343 C16.5352909,45.2774343 13.9032909,44.8275323 11.5731795,43.9240646 C9.24160267,43.0227951 7.26833541,41.6972695 5.65264499,39.949686 C4.03548909,38.200637 2.79569399,36.069098 1.93032873,33.5492071 C1.06569621,31.0307817 0.634112695,28.1349955 0.634112695,24.866245 C0.634112695,21.596029 1.13164276,18.7002428 2.12816837,16.1825501 C3.12396125,13.663392 4.48685657,11.5303875 6.2161216,9.78280401 C7.9446539,8.03375501 9.97434209,6.70896214 12.3059189,5.80769265 C14.6360303,4.90422494 17.1354045,4.4535902 19.8055069,4.4535902 C21.4211973,4.4535902 22.8866762,4.57669042 24.2034089,4.82069265 C25.5186762,5.06542762 26.6646806,5.33727394 27.6428878,5.6376971 C28.6196294,5.93885301 29.427841,6.25832739 30.0682552,6.59612027 C30.7064713,6.93464588 31.1578388,7.18011359 31.4208922,7.32959243 L29.3347831,13.1372851 C28.4327808,12.5738085 27.1446249,12.0374432 25.4717808,11.5303875 C23.7989367,11.0225991 21.9846739,10.7690713 20.0304579,10.7690713 C18.3392953,10.7690713 16.7602419,11.0607016 15.294763,11.6439621 C13.8285514,12.2257572 12.5594468,13.1006481 11.4881817,14.2657038 C10.4169167,15.4307595 9.58012829,16.8977038 8.97928196,18.6643385 C8.37697016,20.4309733 8.07727973,22.47898 8.07727973,24.8083586 C8.07727973,26.8776147 8.31102361,28.7754098 8.78144232,30.5039421 C9.25112829,32.2339399 9.97434209,33.7287283 10.9525492,34.9875746 C11.9300236,36.2478864 13.1705514,37.2238953 14.6741327,37.919265 C16.1769813,38.6153675 17.9817185,38.962686 20.0876116,38.962686 C22.6053042,38.962686 24.6547764,38.7091581 26.2330971,38.200637 C27.8121506,37.6935813 29.0328944,37.213637 29.8989924,36.7644677 L31.8158388,42.5706949 C31.3644713,42.8725835 30.7533666,43.1722739 29.9832575,43.4741626 C29.2124156,43.773853 28.300155,44.066216 27.2479412,44.3468552 C26.1957274,44.6289599 25.0116205,44.8539109 23.6963532,45.0239065 C22.3796205,45.1924365 20.9698298,45.2774343 19.4669813,45.2774343" id="Fill-17"></path>
                            <path d="M46.024682,44.9954762 C43.994261,44.9573737 42.3118913,44.7324227 40.9783056,44.3191577 C39.6432543,43.9058927 38.5815149,43.3138392 37.7923546,42.5422646 C37.0024615,41.7728882 36.4477777,40.8137323 36.1290361,39.6677278 C35.808829,38.5209906 35.6498245,37.2137835 35.6498245,35.7490374 L35.6498245,1.804151 L42.4723612,0.675732294 L42.4723612,34.4520886 C42.4723612,35.2786187 42.5375751,35.9739884 42.6694682,36.537465 C42.8006285,37.1024071 43.0358379,37.580886 43.3743635,37.9758325 C43.7121563,38.3707791 44.1723167,38.671935 44.7555773,38.877102 C45.3381051,39.0859327 46.0811029,39.2434717 46.9831051,39.3577791 L46.024682,44.9954762 Z" id="Fill-18"></path>
                            <path d="M72.1875826,29.6588004 C72.1875826,26.72711 71.5581595,24.4057915 70.2985804,22.6955777 C69.0390013,20.9853639 67.2818922,20.1287915 65.0265203,20.1287915 C62.7711483,20.1287915 61.0133065,20.9853639 59.7544601,22.6955777 C58.4948811,24.4057915 57.8654579,26.72711 57.8654579,29.6588004 C57.8654579,32.6293261 58.4948811,34.9792214 59.7544601,36.7070209 C61.0133065,38.436286 62.7711483,39.3009185 65.0265203,39.3009185 C67.2818922,39.3009185 69.0390013,38.436286 70.2985804,36.7070209 C71.5581595,34.9792214 72.1875826,32.6293261 72.1875826,29.6588004 M79.1793822,29.6588004 C79.1793822,31.99111 78.8415893,34.1138561 78.1645381,36.0307024 C77.4882196,37.9475488 76.5297964,39.5822904 75.2885359,40.9356601 C74.0487408,42.2890298 72.5539523,43.3427091 70.8063688,44.093767 C69.0580526,44.8462904 67.1316806,45.2207203 65.0265203,45.2207203 C62.9213599,45.2207203 61.0037808,44.8462904 59.2752486,44.093767 C57.5459835,43.3427091 56.0614535,42.2890298 54.8209256,40.9356601 C53.579665,39.5822904 52.612449,37.9475488 51.9163465,36.0307024 C51.2209768,34.1138561 50.8736584,31.99111 50.8736584,29.6588004 C50.8736584,27.3286891 51.2209768,25.2140031 51.9163465,23.316208 C52.612449,21.4176802 53.5891906,19.7902659 54.8487697,18.437629 C56.107616,17.0842592 57.6024045,16.0408383 59.3316695,15.3088316 C61.0602018,14.5753595 62.9587296,14.2089898 65.0265203,14.2089898 C67.0935782,14.2089898 69.0016316,14.5753595 70.7499479,15.3088316 C72.4982641,16.0408383 73.9923198,17.0842592 75.2328477,18.437629 C76.4733755,19.7902659 77.4405915,21.4176802 78.136694,23.316208 C78.831331,25.2140031 79.1793822,27.3286891 79.1793822,29.6588004" id="Fill-19"></path>
                            <path d="M108.725634,43.5293379 C107.408901,43.8671307 105.698687,44.2159147 103.59426,44.5727588 C101.489099,44.9288702 99.1765737,45.1091241 96.6588811,45.1091241 C94.2906673,45.1091241 92.3071416,44.7705984 90.7097697,44.09428 C89.111665,43.4179615 87.8337675,42.4771241 86.8753443,41.2739659 C85.9176539,40.0722733 85.2303443,38.6339058 84.8170793,36.960329 C84.4038143,35.2889503 84.1971817,33.4556363 84.1971817,31.4618523 L84.1971817,14.9422421 L91.0197185,14.9422421 L91.0197185,30.3920528 C91.0197185,33.5494269 91.4798788,35.8040661 92.401665,37.1574359 C93.3227185,38.5108056 94.9288833,39.1871241 97.2223577,39.1871241 C98.0488878,39.1871241 98.9230459,39.1504871 99.8448321,39.0757477 C100.765886,39.0002755 101.45173,38.9057521 101.903097,38.793643 L101.903097,14.9422421 L108.725634,14.9422421 L108.725634,43.5293379 Z" id="Fill-20"></path>
                            <path d="M120.791507,29.602233 C120.791507,32.6101283 121.505928,34.9688165 122.934037,36.6790303 C124.362147,38.3885114 126.335414,39.2436183 128.854572,39.2436183 C129.944888,39.2436183 130.874735,39.1974557 131.645576,39.1043978 C132.415686,39.0106071 133.045841,38.9058254 133.534579,38.7937163 L133.534579,21.8769612 C132.933,21.464429 132.134314,21.079008 131.138521,20.7206984 C130.141995,20.3645871 129.080988,20.1850659 127.95257,20.1850659 C125.471514,20.1850659 123.657251,21.0328454 122.511247,22.7218098 C121.363777,24.4137051 120.791507,26.7071795 120.791507,29.602233 Z M140.357115,43.5294111 C139.005211,43.9441416 137.303057,44.3193042 135.255051,44.6570971 C133.205579,44.9956227 131.054256,45.1656183 128.798151,45.1656183 C126.467307,45.1656183 124.380465,44.8073087 122.539824,44.0936205 C120.697717,43.380665 119.128189,42.3555626 117.83124,41.0205114 C116.535024,39.6876584 115.538498,38.0712352 114.843129,36.1705091 C114.146294,34.2741795 113.799708,32.1389768 113.799708,29.7700303 C113.799708,27.4406517 114.090605,25.3274312 114.673866,23.4274379 C115.255661,21.5303755 116.111501,19.9044267 117.239187,18.5503243 C118.367605,17.1969546 119.739294,16.1535336 121.355717,15.4207942 C122.971407,14.687322 124.832565,14.3216851 126.936993,14.3216851 C128.365835,14.3216851 129.624681,14.4909479 130.71573,14.8287408 C131.805314,15.1672664 132.745418,15.5438944 133.534579,15.9571595 L133.534579,1.80356481 L140.357115,0.675146102 L140.357115,43.5294111 Z" id="Fill-21"></path>
                            <polygon id="Fill-22" points="162.516694 44.4323659 162.516694 5.35537261 187.214409 5.35537261 187.214409 11.388749 169.622068 11.388749 169.622068 21.3701254 185.241142 21.3701254 185.241142 27.4042345 169.622068 27.4042345 169.622068 44.4323659"></polygon>
                            <path d="M202.663487,44.9954762 C200.633066,44.9573737 198.950696,44.7324227 197.617111,44.3191577 C196.282059,43.9058927 195.22032,43.3138392 194.43116,42.5422646 C193.641999,41.7728882 193.086583,40.8137323 192.767841,39.6677278 C192.447634,38.5209906 192.28863,37.2137835 192.28863,35.7490374 L192.28863,1.804151 L199.111166,0.675732294 L199.111166,34.4520886 C199.111166,35.2786187 199.175647,35.9739884 199.308273,36.537465 C199.439434,37.1024071 199.675376,37.580886 200.013169,37.9758325 C200.351694,38.3707791 200.811855,38.671935 201.394382,38.877102 C201.97691,39.0859327 202.719908,39.2434717 203.62191,39.3577791 L202.663487,44.9954762 Z" id="Fill-23"></path>
                            <path d="M227.304341,26.782212 C227.304341,25.8443056 227.171716,24.9503635 226.909395,24.1040494 C226.646341,23.2584682 226.26092,22.524996 225.753865,21.9058312 C225.246076,21.2859336 224.626179,20.7971964 223.892707,20.4388869 C223.159967,20.0820428 222.285809,19.9039871 221.270965,19.9039871 C220.218018,19.9039871 219.297698,20.101094 218.507805,20.4960405 C217.718644,20.8909871 217.051119,21.4075684 216.505961,22.0457844 C215.960802,22.6854659 215.537279,23.4189381 215.237589,24.2454682 C214.9357,25.0719982 214.7298,25.919045 214.616958,26.782212 L227.304341,26.782212 Z M207.51305,29.8274771 C207.51305,27.2335795 207.897738,24.9606218 208.66858,23.0056731 C209.438689,21.0507243 210.463791,19.4240428 211.741689,18.127094 C213.019586,16.830878 214.485065,15.8541363 216.139591,15.1954036 C217.793384,14.538869 219.485279,14.2091363 221.214544,14.2091363 C225.27392,14.2091363 228.44082,15.4694481 230.715243,17.9871408 C232.989667,20.5062989 234.126878,24.2652521 234.126878,29.2640004 C234.126878,29.6406285 234.11662,30.0626864 234.098301,30.5323724 C234.07925,31.0027911 234.051406,31.4255817 234.014036,31.8007443 L214.56127,31.8007443 C214.748851,34.1689581 215.584174,36.0022722 217.07017,37.2992209 C218.5547,38.595437 220.706756,39.2439114 223.526337,39.2439114 C225.18013,39.2439114 226.692504,39.0944325 228.064925,38.7940094 C229.436613,38.4921207 230.518137,38.1726463 231.30803,37.8341207 L232.210032,43.4175951 C231.833404,43.6059091 231.316822,43.803016 230.659555,44.0089158 C230.000822,44.2155483 229.249765,44.4038624 228.403451,44.5723924 C227.557869,44.742388 226.646341,44.8823412 225.6696,44.9951831 C224.69066,45.1094904 223.694867,45.1659114 222.680023,45.1659114 C220.086858,45.1659114 217.830753,44.7797577 215.91464,44.0089158 C213.997061,43.2388067 212.41874,42.1675416 211.17748,40.7958535 C209.936952,39.4241653 209.015898,37.8077421 208.414319,35.9458512 C207.81274,34.0861586 207.51305,32.046212 207.51305,29.8274771 Z" id="Fill-24"></path>
                            <path d="M257.809456,26.782212 C257.809456,25.8443056 257.67683,24.9503635 257.414509,24.1040494 C257.151456,23.2584682 256.766035,22.524996 256.258979,21.9058312 C255.751191,21.2859336 255.131293,20.7971964 254.397821,20.4388869 C253.665082,20.0820428 252.790924,19.9039871 251.77608,19.9039871 C250.7224,19.9039871 249.802812,20.101094 249.012919,20.4960405 C248.223759,20.8909871 247.556233,21.4075684 247.011075,22.0457844 C246.465917,22.6854659 246.042394,23.4189381 245.742703,24.2454682 C245.440814,25.0719982 245.234915,25.919045 245.122073,26.782212 L257.809456,26.782212 Z M238.018164,29.8274771 C238.018164,27.2335795 238.402852,24.9606218 239.173694,23.0056731 C239.943803,21.0507243 240.968906,19.4240428 242.246803,18.127094 C243.524701,16.830878 244.99018,15.8541363 246.644705,15.1954036 C248.298498,14.538869 249.990394,14.2091363 251.719659,14.2091363 C255.779035,14.2091363 258.945935,15.4694481 261.220358,17.9871408 C263.494781,20.5062989 264.631993,24.2652521 264.631993,29.2640004 C264.631993,29.6406285 264.621734,30.0626864 264.603416,30.5323724 C264.584365,31.0027911 264.55652,31.4255817 264.519151,31.8007443 L245.066385,31.8007443 C245.253966,34.1689581 246.089289,36.0022722 247.575284,37.2992209 C249.059082,38.595437 251.21187,39.2439114 254.031451,39.2439114 C255.685244,39.2439114 257.197618,39.0944325 258.570039,38.7940094 C259.941728,38.4921207 261.023251,38.1726463 261.813144,37.8341207 L262.715146,43.4175951 C262.338518,43.6059091 261.821937,43.803016 261.16467,44.0089158 C260.505937,44.2155483 259.754146,44.4038624 258.908565,44.5723924 C258.062984,44.742388 257.151456,44.8823412 256.174714,44.9951831 C255.195774,45.1094904 254.199982,45.1659114 253.185137,45.1659114 C250.591973,45.1659114 248.335868,44.7797577 246.419754,44.0089158 C244.502175,43.2388067 242.923855,42.1675416 241.682594,40.7958535 C240.442066,39.4241653 239.521013,37.8077421 238.919434,35.9458512 C238.317855,34.0861586 238.018164,32.046212 238.018164,29.8274771 Z" id="Fill-25"></path>
                            <path d="M269.819495,7.16069599 L276.642031,6.03227728 L276.642031,14.9423886 L287.130463,14.9423886 L287.130463,20.6379722 L276.642031,20.6379722 L276.642031,32.6475713 C276.642031,35.0157851 277.017927,36.7069477 277.77045,37.7225245 C278.522241,38.7373686 279.800138,39.2436915 281.604143,39.2436915 C282.844671,39.2436915 283.944512,39.1117984 284.902936,38.848745 C285.861359,38.5878898 286.622675,38.342422 287.186884,38.117471 L288.31457,43.5294844 C287.52541,43.8672773 286.490049,44.2153285 285.212884,44.5729053 C283.934254,44.9290167 282.431406,45.1092706 280.702141,45.1092706 C278.596247,45.1092706 276.839871,44.8271659 275.43008,44.2622238 C274.02029,43.6987472 272.901397,42.88101 272.075599,41.8104777 C271.247604,40.7392127 270.665076,39.4429967 270.327283,37.9196314 C269.988757,36.3969989 269.819495,34.658941 269.819495,32.7039922 L269.819495,7.16069599 Z" id="Fill-26"></path>
                            <path d="M315.745403,5.35529933 C316.571933,6.78560668 317.49372,8.5331902 318.508564,10.6002481 C319.523408,12.667306 320.557303,14.8384129 321.609517,17.1121033 C322.661731,19.3872592 323.704419,21.6990521 324.739047,24.0489474 C325.772942,26.3973773 326.721107,28.5692169 327.587205,30.5600699 C328.451105,28.5692169 329.39121,26.3973773 330.406054,24.0489474 C331.421631,21.6990521 332.454793,19.3872592 333.507007,17.1121033 C334.559953,14.8384129 335.593849,12.667306 336.608693,10.6002481 C337.623537,8.5331902 338.543858,6.78560668 339.37112,5.35529933 L345.773065,5.35529933 C346.118185,8.21298307 346.442789,11.2487225 346.749806,14.4625176 C347.054626,17.6770454 347.332334,20.96558 347.581466,24.3303194 C347.829864,27.6957915 348.059945,31.077384 348.269508,34.4787604 C348.480537,37.882335 348.662989,41.1987136 348.816132,44.4322927 L341.825065,44.4322927 C341.67119,39.8841791 341.488737,35.2034396 341.277708,30.3922726 C341.067412,25.5811056 340.751602,20.9186846 340.330276,16.407208 C339.916279,17.2725733 339.428274,18.3057359 338.864065,19.508894 C338.300588,20.7120521 337.699009,22.0185265 337.059328,23.4275844 C336.419646,24.8373751 335.771172,26.2955265 335.114637,27.7976423 C334.456637,29.3026891 333.816956,30.7593751 333.197058,32.1677002 C332.577161,33.5774909 332.002693,34.8942236 331.477319,36.1157002 C330.950479,37.3371768 330.499844,38.3805978 330.123949,39.2437648 L324.824045,39.2437648 C324.448149,38.3805978 323.996049,37.3276512 323.470675,36.0871234 C322.943835,34.8458628 322.371566,33.5203372 321.750203,32.1112793 C321.130305,30.7022214 320.490624,29.2455354 319.834089,27.7426869 C319.175357,26.2391056 318.526882,24.7904797 317.887933,23.3990076 C317.248985,22.0090009 316.648138,20.7017938 316.083929,19.4803171 C315.51972,18.2588405 315.030982,17.2359363 314.617717,16.407208 C314.195659,20.9186846 313.879849,25.5811056 313.66882,30.3922726 C313.458524,35.2034396 313.276804,39.8841791 313.123662,44.4322927 L306.131129,44.4322927 C306.284272,41.1987136 306.465991,37.8544909 306.67702,34.3959608 C306.888049,30.9374307 307.118129,27.5067448 307.366528,24.1039029 C307.614927,20.7017938 307.891902,17.4037336 308.19892,14.2089898 C308.504472,11.0142459 308.829809,8.06203875 309.174196,5.35529933 L315.745403,5.35529933 Z" id="Fill-27"></path>
                            <path d="M365.393189,39.6387846 C367.498349,39.6387846 369.095721,39.5259428 370.18677,39.3009918 L370.18677,31.7457156 C369.810142,31.632141 369.264984,31.5192991 368.550563,31.4079227 C367.836142,31.2936154 367.047714,31.2371944 366.183082,31.2371944 C365.430558,31.2371944 364.669242,31.2936154 363.899133,31.4079227 C363.128291,31.5192991 362.432921,31.7251989 361.813024,32.0270875 C361.192394,32.3289762 360.694131,32.7510341 360.318235,33.2961922 C359.94234,33.8406176 359.754759,34.5271944 359.754759,35.3537245 C359.754759,36.9701477 360.262547,38.0890408 361.277391,38.7089383 C362.292235,39.3288359 363.663924,39.6387846 365.393189,39.6387846 M364.829712,14.209063 C367.085084,14.209063 368.982146,14.4911677 370.524563,15.0539116 C372.065514,15.6188537 373.296516,16.4072813 374.218302,17.4228581 C375.13789,18.4369695 375.796623,19.6687045 376.191569,21.1158648 C376.585783,22.5637579 376.78289,24.152337 376.78289,25.8808693 L376.78289,43.7553147 C375.730676,43.9809984 374.142097,44.2543102 372.018618,44.5723192 C369.89514,44.8925263 367.498349,45.0529962 364.829712,45.0529962 C363.062345,45.0529962 361.446654,44.8822679 359.980443,44.5437423 C358.514231,44.2052167 357.264178,43.6622568 356.230282,42.9090007 C355.196387,42.1579428 354.388175,41.1804684 353.805647,39.9773102 C353.222387,38.7741521 352.932222,37.2910875 352.932222,35.5222546 C352.932222,33.8303592 353.260489,32.4022501 353.919222,31.2371944 C354.575757,30.0721388 355.468966,29.1217757 356.597385,28.3905018 C357.725071,27.6570296 359.030812,27.1309227 360.516075,26.8107156 C362.000605,26.4927067 363.551814,26.3322367 365.168238,26.3322367 C365.919296,26.3322367 366.709189,26.3791321 367.535719,26.47219 C368.362249,26.5674461 369.246665,26.7271833 370.18677,26.952867 L370.18677,25.8237156 C370.18677,25.035288 370.092247,24.2842301 369.903933,23.5690764 C369.715618,22.8561209 369.387351,22.2252323 368.917665,21.6808069 C368.447247,21.1356488 367.826616,20.7121254 367.056507,20.4109695 C366.285665,20.1112791 365.316984,19.9610675 364.153394,19.9610675 C362.57434,19.9610675 361.126447,20.0724439 359.81118,20.2988604 C358.494447,20.5238114 357.423182,20.7868648 356.597385,21.087288 L355.751803,15.5624327 C356.615703,15.2620096 357.874549,14.9601209 359.529075,14.6604305 C361.182868,14.3592746 362.94877,14.209063 364.829712,14.209063" id="Fill-28"></path>
                            <path d="M383.154792,15.900592 C384.470792,15.5254294 386.181006,15.1671198 388.286166,14.8285942 C390.390594,14.4908013 392.721438,14.3222713 395.277966,14.3222713 C397.683549,14.3222713 399.694919,14.6505385 401.311342,15.3085385 C402.927765,15.9658058 404.215189,16.887592 405.174345,18.0709661 C406.132768,19.2558058 406.809086,20.6839149 407.204033,22.3574918 C407.598247,24.0288704 407.796086,25.8621844 407.796086,27.8537702 L407.796086,44.4319996 L400.973549,44.4319996 L400.973549,28.9250352 C400.973549,27.3474472 400.8695,26.0036031 400.663601,24.8935029 C400.455503,23.7856009 400.11771,22.8835987 399.648024,22.1874962 C399.177605,21.4921265 398.539389,20.9850708 397.730445,20.6655964 C396.922233,20.3453893 395.935966,20.1856521 394.77091,20.1856521 C393.905545,20.1856521 393.003543,20.2428058 392.064171,20.3556477 C391.124066,20.4670241 390.428696,20.5622802 389.977329,20.6377523 L389.977329,44.4319996 L383.154792,44.4319996 L383.154792,15.900592 Z" id="Fill-29"></path>
                            <path d="M425.105883,39.6387846 C427.211043,39.6387846 428.808415,39.5259428 429.899464,39.3009918 L429.899464,31.7457156 C429.522836,31.632141 428.977678,31.5192991 428.263257,31.4079227 C427.548836,31.2936154 426.759676,31.2371944 425.895776,31.2371944 C425.143252,31.2371944 424.381936,31.2936154 423.611827,31.4079227 C422.840985,31.5192991 422.145615,31.7251989 421.525718,32.0270875 C420.905088,32.3289762 420.406825,32.7510341 420.030929,33.2961922 C419.655034,33.8406176 419.467453,34.5271944 419.467453,35.3537245 C419.467453,36.9701477 419.975241,38.0890408 420.990085,38.7089383 C422.004929,39.3288359 423.376618,39.6387846 425.105883,39.6387846 M424.542406,14.209063 C426.797778,14.209063 428.69484,14.4911677 430.237257,15.0539116 C431.778208,15.6188537 433.00921,16.4072813 433.930996,17.4228581 C434.850584,18.4369695 435.509317,19.6687045 435.904263,21.1158648 C436.298477,22.5637579 436.495584,24.152337 436.495584,25.8808693 L436.495584,43.7553147 C435.44337,43.9809984 433.854791,44.2543102 431.731312,44.5723192 C429.607834,44.8925263 427.211043,45.0529962 424.542406,45.0529962 C422.775039,45.0529962 421.159348,44.8822679 419.693137,44.5437423 C418.226925,44.2052167 416.976871,43.6622568 415.942976,42.9090007 C414.909081,42.1579428 414.100869,41.1804684 413.518341,39.9773102 C412.935081,38.7741521 412.644916,37.2910875 412.644916,35.5222546 C412.644916,33.8303592 412.973183,32.4022501 413.631916,31.2371944 C414.288451,30.0721388 415.18166,29.1217757 416.310079,28.3905018 C417.437765,27.6570296 418.743506,27.1309227 420.228036,26.8107156 C421.713299,26.4927067 423.264508,26.3322367 424.880932,26.3322367 C425.63199,26.3322367 426.421883,26.3791321 427.248413,26.47219 C428.074943,26.5674461 428.959359,26.7271833 429.899464,26.952867 L429.899464,25.8237156 C429.899464,25.035288 429.804941,24.2842301 429.616627,23.5690764 C429.428312,22.8561209 429.100045,22.2252323 428.630359,21.6808069 C428.159941,21.1356488 427.53931,20.7121254 426.769201,20.4109695 C425.998359,20.1112791 425.029678,19.9610675 423.866088,19.9610675 C422.286301,19.9610675 420.839141,20.0724439 419.523874,20.2988604 C418.207141,20.5238114 417.135876,20.7868648 416.310079,21.087288 L415.464497,15.5624327 C416.328397,15.2620096 417.587243,14.9601209 419.241769,14.6604305 C420.895562,14.3592746 422.661464,14.209063 424.542406,14.209063" id="Fill-30"></path>
                            <path d="M448.505989,28.9253283 C448.505989,31.8203817 449.135412,33.9358004 450.394992,35.2686535 C451.654571,36.6037047 453.279054,37.2712303 455.272838,37.2712303 C456.362421,37.2712303 457.386791,37.1210187 458.345214,36.8183973 C459.30437,36.5187069 460.083272,36.1625955 460.686317,35.7493305 L460.686317,20.4673171 C460.196847,20.3559408 459.595268,20.2526245 458.880847,20.1573684 C458.167159,20.0635777 457.264424,20.0174151 456.174107,20.0174151 C453.693784,20.0174151 451.795257,20.8336869 450.479257,22.4684285 C449.163257,24.1039029 448.505989,26.2566913 448.505989,28.9253283 Z M467.508853,41.4441813 C467.508853,46.1425065 466.314488,49.5819853 463.927956,51.7626178 C461.539958,53.9425176 457.885054,55.0328339 452.961045,55.0328339 C451.155575,55.0328339 449.398466,54.8826223 447.688252,54.5807336 C445.977306,54.2810432 444.426829,53.8853639 443.036822,53.3973595 L444.276617,47.5896668 C445.441673,48.0776713 446.766466,48.4726178 448.252461,48.7745065 C449.736992,49.0741969 451.344622,49.2236757 453.073154,49.2236757 C455.816531,49.2236757 457.772212,48.6609318 458.938,47.5339786 C460.102323,46.4055599 460.686317,44.7319831 460.686317,42.5139808 L460.686317,41.3877604 C460.009265,41.7255532 459.116056,42.0640788 458.006689,42.4026045 C456.897321,42.7403973 455.628949,42.9089274 454.20084,42.9089274 C452.320631,42.9089274 450.600891,42.609237 449.041622,42.0076579 C447.48162,41.4053461 446.146568,40.5223951 445.038666,39.3573394 C443.929299,38.1922837 443.064666,36.7355978 442.444036,34.9872815 C441.824139,33.2389653 441.51419,31.2188027 441.51419,28.9253283 C441.51419,26.7820655 441.842457,24.8087982 442.50119,23.0055265 C443.158457,21.2007893 444.11688,19.6591056 445.376459,18.3804753 C446.636038,17.1040432 448.167464,16.1075176 449.971468,15.3923639 C451.776938,14.6794085 453.824945,14.3218316 456.118419,14.3218316 C458.335689,14.3218316 460.440849,14.4910944 462.433167,14.8288873 C464.426219,15.1674129 466.116649,15.5257225 467.508853,15.9008851 L467.508853,41.4441813 Z" id="Fill-31"></path>
                            <path d="M492.375172,26.782212 C492.375172,25.8443056 492.242546,24.9503635 491.980225,24.1040494 C491.717172,23.2584682 491.331751,22.524996 490.824695,21.9058312 C490.316907,21.2859336 489.697009,20.7971964 488.963537,20.4388869 C488.230798,20.0820428 487.356639,19.9039871 486.341795,19.9039871 C485.288849,19.9039871 484.368528,20.101094 483.578635,20.4960405 C482.789475,20.8909871 482.121949,21.4075684 481.576791,22.0457844 C481.031633,22.6854659 480.608842,23.4189381 480.308419,24.2454682 C480.00653,25.0719982 479.801363,25.919045 479.687789,26.782212 L492.375172,26.782212 Z M472.58388,29.8274771 C472.58388,27.2335795 472.968568,24.9606218 473.73941,23.0056731 C474.509519,21.0507243 475.534622,19.4240428 476.812519,18.127094 C478.090417,16.830878 479.555896,15.8541363 481.210421,15.1954036 C482.864214,14.538869 484.556109,14.2091363 486.285374,14.2091363 C490.345484,14.2091363 493.511651,15.4694481 495.786074,17.9871408 C498.060497,20.5062989 499.197708,24.2652521 499.197708,29.2640004 C499.197708,29.6406285 499.18745,30.0626864 499.169132,30.5323724 C499.15008,31.0027911 499.122236,31.4255817 499.084867,31.8007443 L479.6321,31.8007443 C479.819682,34.1689581 480.655005,36.0022722 482.141,37.2992209 C483.62553,38.595437 485.777586,39.2439114 488.597167,39.2439114 C490.25096,39.2439114 491.763334,39.0944325 493.135755,38.7940094 C494.507443,38.4921207 495.588967,38.1726463 496.37886,37.8341207 L497.280862,43.4175951 C496.904234,43.6059091 496.387653,43.803016 495.730386,44.0089158 C495.071653,44.2155483 494.320595,44.4038624 493.474281,44.5723924 C492.6287,44.742388 491.717172,44.8823412 490.74043,44.9951831 C489.762223,45.1094904 488.765697,45.1659114 487.750853,45.1659114 C485.157688,45.1659114 482.901584,44.7797577 480.98547,44.0089158 C479.067891,43.2388067 477.48957,42.1675416 476.24831,40.7958535 C475.007782,39.4241653 474.086729,37.8077421 473.485149,35.9458512 C472.88357,34.0861586 472.58388,32.046212 472.58388,29.8274771 Z" id="Fill-32"></path>
                            <path d="M521.245251,21.0869949 C520.681042,20.9008791 519.901407,20.7023067 518.905614,20.4956742 C517.909089,20.2890416 516.752826,20.1857254 515.437559,20.1857254 C514.685035,20.1857254 513.887082,20.2619303 513.040768,20.4106764 C512.195187,20.5623535 511.603133,20.6942465 511.264608,20.8056229 L511.264608,44.4320728 L504.442071,44.4320728 L504.442071,16.3505673 C505.758071,15.8640283 507.401606,15.4024024 509.376338,14.9700862 C511.349606,14.5385027 513.538298,14.3223445 515.944614,14.3223445 C516.395982,14.3223445 516.922089,14.3494559 517.523668,14.4058768 C518.124514,14.4622978 518.726093,14.5385027 519.327672,14.6322933 C519.928519,14.7253512 520.511779,14.8389258 521.075989,14.9700862 C521.640198,15.1019793 522.091565,15.223614 522.429358,15.3371886 L521.245251,21.0869949 Z" id="Fill-33"></path>
                        </g>
                    </g>
                </g>
                <g id="Group">
                    <path d="M84.9408644,80.6002869 L81.2418739,76.9012964 C85.8389402,71.4404991 88.8240006,64.5854556 89.4692414,57.069826 L94.7049717,57.069826 C94.0363474,66.0228152 90.4710818,74.177109 84.9408644,80.6002869 Z M57.0690952,94.7057025 L57.0690952,89.4692414 C64.5854556,88.8240006 71.4404991,85.8389402 76.9005656,81.2418739 L80.6002869,84.9408644 C74.1763783,90.4718125 66.0220845,94.0363474 57.0690952,94.7057025 Z M27.3997131,84.9408644 L31.0994344,81.2411432 C36.5595009,85.8389402 43.4145444,88.8240006 50.9309048,89.4692414 L50.9309048,94.7057025 C41.9771848,94.0363474 33.8236217,90.4718125 27.3997131,84.9408644 Z M13.2942975,57.069826 L18.5314894,57.069826 C19.1759994,64.5861864 22.1610598,71.4412298 26.7588568,76.9012964 L23.0591356,80.6010176 C17.5289182,74.177109 13.9636526,66.023546 13.2942975,57.069826 Z M23.0591356,27.3997131 L26.7595875,31.0994344 C22.1610598,36.5595009 19.1759994,43.4145444 18.5314894,50.9309048 L13.2942975,50.9309048 C13.9636526,41.9779155 17.5289182,33.8236217 23.0591356,27.3997131 Z M50.9309048,13.2950283 L50.9309048,18.5314894 C43.4145444,19.1759994 36.5602317,22.1617906 31.0994344,26.7588568 L27.3997131,23.0598663 C33.8236217,17.5281875 41.9771848,13.9643833 50.9309048,13.2950283 Z M80.6002869,23.0598663 L76.9005656,26.7588568 C71.4397683,22.1617906 64.5854556,19.1759994 57.0690952,18.5314894 L57.0690952,13.2950283 C66.0228152,13.9643833 74.1763783,17.5289182 80.6002869,23.0598663 Z M54,83.4713524 C37.7491407,83.4713524 24.5286476,70.2508593 24.5286476,54.0007307 C24.5286476,37.7491407 37.7491407,24.5293783 54,24.5293783 C70.2508593,24.5293783 83.4713524,37.7491407 83.4713524,54.0007307 C83.4713524,70.2508593 70.2508593,83.4713524 54,83.4713524 Z M94.7049717,50.9309048 L89.4692414,50.9309048 C88.8240006,43.4145444 85.8389402,36.5595009 81.2411432,31.0994344 L84.9408644,27.3997131 C90.4710818,33.8236217 94.0363474,41.9779155 94.7049717,50.9309048 Z M108,57.069826 L108,50.9309048 L100.859969,50.9309048 C100.169423,40.2869902 95.9201873,30.6025332 89.2894801,23.0510975 L94.3534872,17.9863596 L90.0136404,13.6465128 L84.9489025,18.7112506 C77.3974668,12.0798127 67.7130098,7.82984655 57.0690952,7.14003085 L57.0690952,0 L50.9309048,0 L50.9309048,7.14003085 C40.2862594,7.82984655 30.6025332,12.0798127 23.0510975,18.7112506 L17.9863596,13.6465128 L13.6465128,17.9863596 L18.7105199,23.0510975 C12.0798127,30.6025332 7.83057728,40.2869902 7.14003085,50.9309048 L0,50.9309048 L0,57.069826 L7.14003085,57.069826 C7.83057728,67.7137406 12.0798127,77.3981975 18.7105199,84.9496333 L13.6465128,90.0136404 L17.9863596,94.3534872 L23.0510975,89.2902108 C30.6025332,95.9201873 40.2862594,100.169423 50.9309048,100.8607 L50.9309048,108 L57.0690952,108 L57.0690952,100.8607 C67.7130098,100.169423 77.3974668,95.9201873 84.9489025,89.2902108 L90.0129097,94.3534872 L94.354218,90.0136404 L89.2894801,84.9489025 C95.9201873,77.3974668 100.169423,67.7137406 100.859969,57.069826 L108,57.069826 Z" id="Fill-1"></path>
                    <g id="Group-2" transform="translate(33.333333, 30.666667)">
                        <path d="M0.463004505,22.1010461 C0.463004505,22.1010461 5.83965315,28.2345763 10.8813559,44.4302273 L20.5918694,44.4302273 L30.3031126,44.4302273 C35.3440856,28.2345763 40.7207342,22.1010461 40.7207342,22.1010461 L20.5918694,13.2805629 L0.463004505,22.1010461 Z" id="Fill-4"></path>
                        <path d="M20.5921613,9.95300313 L21.8290532,10.4951776 L34.3760261,15.9923051 L34.3760261,7.94956689 C31.1352964,7.44508367 27.8734045,7.12833199 24.6056748,6.98119105 L23.8613505,0.237352125 L17.3229721,0.237352125 L16.5786477,6.98119105 C13.310918,7.12833199 10.0490261,7.44508367 6.8082964,7.94956689 L6.8082964,15.9923051 L19.3552694,10.4951776 L20.5921613,9.95300313 Z" id="Fill-6"></path>
                    </g>
                </g>
            </g>
        </g>
    </g>
</svg>